datasets/capture20110811.csv
Train
[83.75, 71.5]
---------------------------------------------------------------
Test
-------------------------------
[87.56, 68.09]
-------------------------------
[87.56, 68.09]
-------------------------------
[96.19, 64.72]
-------------------------------
[96.19, 64.72]
-------------------------------
[75.65, 90.75]
-------------------------------
[99.98, 0.0]
-------------------------------
[96.19, 64.72]
-------------------------------
[96.19, 64.72]
-------------------------------
[75.65, 90.75]
-------------------------------
[12.77, 32.51]
true positive : 5559       False positive: 789
true negative : 1818       False negative: 852
0   0  2  255
0   0  0  235
1   1  4  5
0   0  4  6
1   0  4  64
1   1  4  83
1   0  5  56
0   0  3  147
0   0  0  235
1   0  5  215
0   1  6  247
0   0  6  149
1   0  2  122
